fora
1	7.76335e-06	1.0395e-06	1	
10	1.56337e-05	5.06457e-07	1	
100	0.000220403	2.32771e-07	1	
1000	0.00273777	1.30212e-07	1	
10000	0.0133947	9.3092e-08	0.999998	
100000	0.0133947	9.3092e-08	0.999998	
baton
1	1.27163e-05	1.399e-06	1	
10	1.94458e-05	6.46763e-07	1	
100	0.000266432	2.69605e-07	1	
1000	0.00312872	1.51273e-07	1	
10000	0.0153384	1.06938e-07	0.999998	
100000	0.0153384	1.06938e-07	0.999998	
foran
partup
1	3.56033e-06	4.855e-07	1	
10	6.4247e-06	2.22947e-07	1	
100	8.40153e-05	8.3994e-08	1	
1000	0.000980009	4.6002e-08	1	
10000	0.00461129	3.24175e-08	1	
100000	0.00461129	3.24175e-08	1	
lazyup
1	8.71671e-06	1.041e-06	1	
10	1.32484e-05	4.58694e-07	1	
100	0.000185982	1.88816e-07	1	
1000	0.00218312	1.05644e-07	1	
10000	0.010643	7.46842e-08	0.999999	
100000	0.010643	7.46842e-08	0.999999	
