fora
6.29048e-06	1.32e-06	1	
1.49586e-05	5.2706e-07	1	
0.0149468	2.0648e-07	1	
0.0916684	9.35134e-08	1	
0.248488	4.39386e-08	0.999997	
0.242504	6.90393e-09	0.999994	
end
baton
8.17939e-06	1.71e-06	1	
1.80076e-05	6.6699e-07	1	
0.0112202	2.39054e-07	1	
0.0980081	1.08507e-07	1	
0.254886	4.97045e-08	0.999997	
0.241485	7.59652e-09	0.999994	
end
foran
end
partup
2.9969e-06	6.3e-07	1	
6.14561e-06	2.329e-07	1	
0.00490705	7.45528e-08	1	
0.0344775	3.30935e-08	1	
0.0931644	1.59039e-08	0.999999	
0.19104	2.94119e-09	0.999998	
end
lazyup
6.10743e-06	1.28e-06	1	
1.26393e-05	4.788e-07	1	
0.00652942	1.67308e-07	1	
0.0752372	7.58363e-08	1	
0.176888	3.53367e-08	0.999998	
0.223825	5.70501e-09	0.999996	
end
resacc
0.000270552	5.435e-05	1	
0.000277643	1.29878e-05	1	
0.00759756	2.15236e-06	1	
0.0942284	3.21921e-07	1	
0.248956	6.72134e-08	0.999997	
0.237937	9.22965e-09	0.999994	
end
