fora
0.00179032	0.0004816	1	
0.0017823	6.50258e-05	1	
0.00177882	9.47945e-06	1	
0.00190394	1.24319e-06	1	
0.107691	1.47075e-07	1	
0.244716	2.07879e-08	0.999999	
end
baton
0.00351867	0.00094218	1	
0.00350464	0.000127413	1	
0.00349606	1.8561e-05	1	
0.00377676	2.43245e-06	1	
0.113552	2.88418e-07	0.999999	
0.275177	4.12364e-08	0.999997	
end
foran
end
partup
0.00094696	0.00025645	1	
0.000941736	3.45886e-05	1	
0.000939791	5.04305e-06	1	
0.000985621	6.60904e-07	1	
0.0263795	7.76104e-08	0.999999	
0.157197	1.04358e-08	0.999999	
end
lazyup
0.00268042	0.00071885	1	
0.00266957	9.71402e-05	1	
0.00266315	1.41539e-05	1	
0.0028482	1.85557e-06	1	
0.10409	2.19305e-07	1	
0.241759	3.0859e-08	0.999998	
end
resacc
0.107278	0.103802	1	
0.0144079	0.0106534	0.999983	
0.00722544	0.00108302	0.999976	
0.00554529	0.000109299	0.999978	
0.103383	1.09784e-05	0.99998	
0.232333	1.10405e-06	0.999979	
end
