fora
0.00662987	0.00147144	1	
0.00662475	0.000242879	1	
0.006598	3.41286e-05	1	
0.00641936	4.14348e-06	1	
0.00597739	4.87563e-07	1	
0.0266193	7.22836e-08	0.999983	
end
baton
0.00887403	0.00196684	1	
0.00886533	0.000322171	1	
0.0088192	4.54105e-05	1	
0.00850533	5.51214e-06	1	
0.00775195	6.45603e-07	0.999999	
0.0345668	9.56979e-08	0.999977	
end
foran
end
partup
0.00711653	0.00157884	1	
0.00711018	0.00026007	1	
0.00707991	3.6576e-05	1	
0.00687494	4.4409e-06	1	
0.00605215	5.20257e-07	1	
0.0232922	7.2808e-08	0.999988	
end
lazyup
0.00753032	0.00167017	1	
0.00752427	0.000274689	1	
0.00748978	3.86565e-05	1	
0.00726878	4.69381e-06	1	
0.00643143	5.49838e-07	1	
0.0255615	7.7846e-08	0.999986	
end
resacc
0.0706207	0.0654695	1	
0.013099	0.006645	1	
0.00771489	0.000675158	0.999999	
0.0069406	6.8297e-05	0.999999	
0.00631492	6.90743e-06	0.999999	
0.0267698	7.14502e-07	0.999982	
end
