fora
1.99803e-07	5e-08	1	
2.74926e-06	4.218e-08	1	
5.18665e-05	4.14963e-08	1	
0.00121107	4.48782e-08	1	
0.021498	4.6003e-08	0.999998	
0.214289	3.11658e-08	0.999966	
end
baton
1.27422e-07	3e-08	1	
2.57001e-06	4.305e-08	1	
5.54249e-05	4.44517e-08	1	
0.00129699	4.83466e-08	1	
0.0223617	4.90259e-08	0.999998	
0.216882	3.25811e-08	0.999965	
end
foran
end
partup
0	0	1	
2.35763e-07	4.29e-09	1	
4.24858e-06	3.3522e-09	1	
0.000106244	3.65454e-09	1	
0.0019449	3.9752e-09	1	
0.023951	3.1156e-09	0.999999	
end
lazyup
1.20197e-07	3e-08	1	
1.73469e-06	3.017e-08	1	
3.77093e-05	3.02082e-08	1	
0.000885263	3.26928e-08	1	
0.0151273	3.3854e-08	0.999999	
0.161732	2.36478e-08	0.999979	
end
resacc
2.58019e-07	6e-08	1	
2.36034e-06	4.059e-08	1	
5.00676e-05	4.14313e-08	1	
0.00119497	4.44367e-08	1	
0.0214156	4.58915e-08	0.999998	
0.213573	3.11367e-08	0.999966	
end
