fora
0.00366239	0.00085182	1	
0.00365714	0.000160555	1	
0.00364162	2.2019e-05	1	
0.00355836	2.59158e-06	1	
0.00566462	2.90308e-07	1	
0.0310928	3.77997e-08	0.999997	
end
baton
0.00475784	0.00110195	1	
0.00475147	0.000205699	1	
0.00472656	2.82656e-05	1	
0.00460118	3.33427e-06	1	
0.00707058	3.73879e-07	1	
0.0354393	4.87052e-08	0.999996	
end
foran
end
partup
0.00475754	0.00110188	1	
0.00475099	0.000205684	1	
0.00472592	2.82635e-05	1	
0.00460063	3.3339e-06	1	
0.00707468	3.73825e-07	1	
0.0355212	4.87063e-08	0.999996	
end
lazyup
0.00384627	0.00089387	1	
0.00384081	0.000168203	1	
0.0038237	2.30771e-05	1	
0.00372137	2.71689e-06	1	
0.00546401	3.03705e-07	1	
0.0251224	3.84801e-08	0.999998	
end
resacc
0.0932524	0.0904442	1	
0.0126111	0.00911965	1	
0.00550721	0.000919136	0.999999	
0.00433421	9.23697e-05	0.999999	
0.00605626	9.27284e-06	0.999999	
0.0310538	9.36174e-07	0.999996	
end
